step,AAPL,MSFT,JPM,GS,BA,CAT,MMM,HON,IBM,NVDA,KO,MCD,MRK,MS,NKE,PG,TRV,UNH,V,VZ,WMT,CVX,XOM,AMGN,AXP,CRM,CSCO,DIS,HD,JNJ,CASH
0,0.035122438088582675,0.013866881179986693,0.050701592913778834,0.05789055170857508,0.02842788850753048,0.03531465945500102,0.022264906529064734,0.022959997445791348,0.03518919608434202,0.02413842006346207,0.022330930005835956,0.035108081514442877,0.04079503663383539,0.018046844329121223,0.0479236353465818,0.018169261309783722,0.06581964078405526,0.02154608415775794,0.06364477582054656,0.02263799641471891,0.02476804562588886,0.02388159391160263,0.05303198452954797,0.05418280611103415,0.021697143149807186,0.027653275216830083,0.03773719653952003,0.02018976893594489,0.034825654921709005,0.020133712634594025,1.3072659838252813e-10
1,0.033469933673767924,0.013990808585260757,0.052385927489944056,0.055298637665447535,0.029736350155404184,0.03418146675529651,0.02245150981500652,0.022920033655062226,0.03495901957285107,0.024666959385047958,0.022057310398785033,0.035778432913545107,0.04127162973445369,0.01784384530953331,0.049953433451501134,0.01763316834650896,0.06542549737101049,0.021782740958211196,0.06466887192356173,0.023395109534936565,0.023977032075949815,0.023741763200467246,0.04899770257456721,0.05449711951901608,0.022597495769688072,0.029098597221505974,0.038045591643791996,0.020361486162306937,0.035170951199009655,0.019641573809409407,1.2915170260091166e-10
2,0.03581089722695492,0.013620455010929747,0.05024203357173469,0.055953203794697946,0.028238654699551984,0.035291232035205324,0.022544997207397426,0.02221611279879348,0.03457959812633847,0.023760371654272843,0.02167208375688527,0.035342357424543724,0.040379844129354976,0.017634221955878205,0.0493754790150107,0.017910276348028078,0.06606657464315908,0.020835491341146917,0.06510538242898571,0.022307723053271913,0.025240404402200423,0.023904309924230618,0.05530777908713532,0.05355615278712081,0.021868990721079767,0.028323921546897668,0.038710910089230076,0.019966237930567707,0.03494247587323583,0.019291827285687655,1.30472764633126e-10
3,0.03520940387408062,0.013871334371666922,0.051221353098948715,0.055276988115384194,0.028435391684542167,0.035907597166999636,0.02251942757120905,0.02242399891008681,0.03486468223091977,0.02320458553797051,0.022054089003588427,0.03527169246065893,0.040846027727891,0.017592110581767014,0.048334356492237676,0.018577457653370443,0.0676882374492424,0.021103450962075145,0.06375136507459579,0.022087072968626793,0.02482920460631306,0.023826056296240846,0.052641025496013016,0.05460005506798548,0.02216215704659565,0.027935895172332713,0.03920991834665759,0.01983096320604695,0.03522048762047622,0.019503614076667536,1.2880883719794015e-10
4,0.034139327614763494,0.01353036871347232,0.05100704489721441,0.05529229400952181,0.028420018079367882,0.03467703986867122,0.022663817550969412,0.02231816184516766,0.034890175478520566,0.0235856273636803,0.021940983685883333,0.035550286505853894,0.04118006192027245,0.017522356823686164,0.04912047217764081,0.017826503648251203,0.06615640538786108,0.021302377041611125,0.0662290698592678,0.022189814400295892,0.02443269033510892,0.023699292745913727,0.05447959069450907,0.054400410868486467,0.021758961972136743,0.027868757515806315,0.038562897922136116,0.019932356421793584,0.03542757980927646,0.019895254713705818,1.2915398044085592e-10
5,0.034920071942232817,0.013517226486860922,0.051599243791136236,0.056603856387818376,0.02903767259299451,0.034849189258073114,0.022744119222403582,0.022606495422038905,0.0342005206309959,0.023933391285870406,0.022158615433584182,0.03597209426813475,0.04142833673927976,0.017448611256242474,0.04920281529455834,0.018096338832163186,0.06591482439570213,0.021653116850295098,0.06330591868975861,0.021864453593832354,0.024380244379751132,0.023262610666817205,0.05263710657708261,0.05450764821520191,0.022606902143604765,0.027814575289974577,0.038329173853979326,0.019970357843402863,0.03568806890533087,0.019745922909646104,4.768412329992029e-07
6,0.035543144112075604,0.013638045933347638,0.05170726730780489,0.055854280628991324,0.02826502038103231,0.03573162489047449,0.02232452428532422,0.02216396226582115,0.034829149615156686,0.023324162955140823,0.021567643852341844,0.03557701266497756,0.04051333993638959,0.01755759396810596,0.04850036965667014,0.018145885850573862,0.06691084595794514,0.02145406146608437,0.0641973140950769,0.021868414910804924,0.024834124067935236,0.02325758342257371,0.05337708714319111,0.054926913963171675,0.022419351171430027,0.027897979168797465,0.03917342750845383,0.019969344455283315,0.03493220214488519,0.019538321614913444,6.052255040416283e-10
7,0.03451078557667223,0.013819785893279507,0.05205712921596127,0.05701758245636029,0.02877704669229147,0.03494321523592984,0.022474365245421752,0.022758673265265688,0.034332840863547584,0.023687688524869747,0.021330504148981383,0.03624333314780021,0.041993717653347105,0.017922790458773458,0.048831889664446404,0.017822835050135395,0.06575324592777768,0.021539178656940914,0.06477314965374936,0.022240702393456924,0.024337546299254633,0.023339433197149963,0.05199059808826168,0.05436401268702814,0.022183593469446074,0.027775168216050933,0.03775646652862419,0.020067499203615197,0.03524314332694372,0.020111840276440345,2.389821769193222e-07
8,0.03474919587711304,0.01391250339111454,0.0510361891232643,0.05506582906639418,0.02830251365693863,0.0351582757656821,0.022834449060587646,0.02157697714622449,0.03469521030979563,0.022954404873869474,0.02254210320039693,0.03565968940919832,0.04129930988517709,0.017703093000936056,0.04790874412439301,0.018092069272892874,0.06764482053969921,0.02154919112585682,0.0661666556518919,0.021779334366899092,0.024830114468279617,0.02368162122868122,0.0521364243843401,0.05479107666484478,0.022431299051754137,0.028362458435611738,0.039282680404809305,0.020336218188643583,0.03498878614319436,0.018528401603085626,3.605784301457648e-07
9,0.03494497140610263,0.013655431559789169,0.05295184436428225,0.057558642437911436,0.028389168445539886,0.03567596365887773,0.02227106049493076,0.02264248235206882,0.03477606700928398,0.02262368234585203,0.021450039545489217,0.035779201451191164,0.04114571896962717,0.017763165392021812,0.047924154870539,0.01796214240291204,0.06604098923289319,0.02182238871431297,0.0641947732832047,0.02175163278457241,0.02496763696574355,0.02320888728286393,0.053495888667418265,0.05399521761679131,0.022029314381417798,0.027983979270413413,0.038827769782240715,0.019818128479756746,0.03476816394651853,0.019581492399496057,4.859375182101002e-10
10,0.03578944333292357,0.013693149607282101,0.051738051452459015,0.05583150093413291,0.027981718834469493,0.03605522154055057,0.02239209884226656,0.02220876061818315,0.034798062460572314,0.022800386333704473,0.021677934226093494,0.035742962700004974,0.041130097062601914,0.017408231622761363,0.04725503381370697,0.018052329560492228,0.0675100479857984,0.021443577250922604,0.06356195293248774,0.021729301558544,0.02535702751236023,0.023981149425633997,0.05400388467536584,0.05361151252018226,0.02214912188991856,0.0277272507559352,0.03951680369961515,0.01995751934579111,0.03548209586456235,0.019413771511201904,1.2947567333488813e-10
11,0.03627536893525116,0.01360198144660541,0.050733758484147254,0.05509879550388705,0.028483931124493343,0.035126830923311904,0.022418195060063362,0.02145413621789193,0.03441324394878996,0.023258096279324833,0.02220915282938008,0.03534625465726602,0.04165256744469303,0.017571161034101043,0.048022098935327114,0.01828597616806067,0.06665736882565639,0.02158485051030035,0.06371720933684434,0.02197040459583485,0.024787636621713398,0.023436042068896712,0.05509703347904799,0.05474429084889454,0.022694874744136274,0.028450065267694204,0.03887623737861093,0.02010328559767805,0.03514993435568159,0.01877921724764306,1.2877319746127912e-10
12,0.03577918035554621,0.013774938901639203,0.05115283990162787,0.05610669742733451,0.028651379790087757,0.0361226154431605,0.02250741101656863,0.02230073308485891,0.03539736380611979,0.023477925800214152,0.022339206508092513,0.0355587555900565,0.03733822381827371,0.017940044180839054,0.048370400272022405,0.018115453987977388,0.06708755740440167,0.021448120654995743,0.06499294932192727,0.02196520092061354,0.024973657361036964,0.023392998892694042,0.052869895848367134,0.05473666463572144,0.021841382811630377,0.027694691425070677,0.03870471047304815,0.020283995800037553,0.03589561260375926,0.019179391833659073,1.2861798995090498e-10
13,0.036005160234469744,0.013792611134607675,0.04942290380822031,0.05559242554211826,0.02786647461278763,0.03538136009818601,0.022704280805062836,0.022026564619195114,0.03469003787582062,0.02280295017990998,0.021874554726212886,0.035882510817020055,0.04129320206228101,0.017881108303060438,0.04792718728920941,0.018272384368901877,0.06684752493333954,0.02169582139252642,0.0650195950361177,0.02146290768546399,0.025109486598584474,0.023323297893724157,0.053040695293280544,0.05587576754203673,0.022246569759841687,0.028152259488280356,0.03894092421971384,0.020410680197245925,0.0353213116000711,0.01913744175352553,1.291841728424736e-10
14,0.03511573879693817,0.013668494039347279,0.04939464589127319,0.055959815886571285,0.02855328264148717,0.03542621480656266,0.022709029974888884,0.02184497180043877,0.03438818239057597,0.023193022192558206,0.02158245325933258,0.03586260420055394,0.04274274533070052,0.018085245139053713,0.04838727556299682,0.018342826419468477,0.06758663034849466,0.02222414092731725,0.06424432996816623,0.021611606312042262,0.02501914008408801,0.023205383114251923,0.0525035667282784,0.05534892787899022,0.021784545881177356,0.02775823013243058,0.03939438556528168,0.019432551067450662,0.035691134614227286,0.018938639942017204,2.3910303873739266e-07
15,0.03551703463611131,0.013464241798502244,0.051677559363308256,0.05522016770769472,0.02814840526483137,0.03587652499523811,0.023293798977497913,0.022387005967703735,0.03421218441417799,0.02306640259644507,0.021546163184919,0.03646552165161656,0.042254180162591436,0.017696336556117447,0.04820920338912831,0.01824134331029194,0.0657042136606829,0.023304486730462114,0.06371091329239638,0.02154040594549544,0.025293276255523797,0.02338825181614803,0.05239116957491829,0.054171086207383735,0.021989484139649365,0.027878370462453367,0.03862884581069081,0.019960619753126203,0.03521736331215333,0.01954543868535777,3.773830907977565e-10
16,0.033356245233075184,0.01323531497501267,0.052948514274427115,0.05643538492762119,0.028747689227764384,0.0351488189390432,0.0220967903248343,0.022128169206189537,0.036261096517042596,0.023136065574968313,0.021804391620925928,0.03609276356283596,0.03996731938526268,0.01750969028707374,0.048730910298357466,0.01814333066533251,0.06591809271804956,0.020863771705253786,0.06473027000262091,0.02207762327896144,0.025013617925884597,0.023965419466539815,0.05311242884984115,0.05503720220783345,0.021950036908766676,0.028181460366918248,0.039268567945595495,0.019889566559987717,0.03485668001329056,0.01939276689812255,1.3256717709790262e-10
17,0.03424318003177398,0.013451185318204743,0.051069001955841284,0.05625988822857894,0.02875560356389385,0.03575091397733334,0.022538255783432205,0.021595598402069614,0.03463328037712705,0.023333120474540035,0.021542239678354263,0.035168834192269176,0.04161485673515111,0.01724636926225747,0.0487410617432956,0.018061696147117865,0.0682370081555204,0.020926147557577494,0.0651751061868266,0.02158102834579542,0.024361701194189872,0.023785905509776155,0.053851933114960046,0.054863946621218,0.02191518441010915,0.028175152732601287,0.03875593513743822,0.020152753813362376,0.0350825373820084,0.01913057383246269,1.3491344153355064e-10
18,0.035220569527115345,0.01337228109040053,0.05126262464702797,0.056138814104517286,0.028531252301160454,0.035409145130924836,0.02274213063113847,0.022271123647814948,0.03502305812005366,0.023324246771992723,0.02145320506848804,0.035627531324480294,0.04139495592131501,0.017354371762630983,0.048377886163265445,0.018060807555983858,0.06620199429413705,0.02115230242011407,0.06445579234445699,0.021906886925798154,0.025236893300088954,0.023718679580449358,0.05374569171677578,0.05468179758249457,0.022235783641961892,0.027843948001284445,0.039765460220246594,0.019660236834522997,0.03465819266735885,0.019172100377802086,2.363241984223695e-07
19,0.034595836872306635,0.013317156389197842,0.05212863430864216,0.05667775538955168,0.029203392221560986,0.03555508631840757,0.02237043075021966,0.021941981269393722,0.035362714113092435,0.023844288987569736,0.021493511967141478,0.03615676508455479,0.04023908618116634,0.01709760005512041,0.04912745982474678,0.017963154078760857,0.06625815408517285,0.021133670706638474,0.06407208785008535,0.02256577873009017,0.02421479552693286,0.02381965210242482,0.05362125266501136,0.05387659335921609,0.02201514310927877,0.0279769876494269,0.039276368163573466,0.019744070159029518,0.03506256116253744,0.01928803055372045,3.65428339794991e-10
20,0.03460192975122351,0.013293862304503577,0.051195212788071015,0.05785061239345455,0.028277111429346247,0.03526916850577579,0.02245761630186965,0.022551424914561538,0.03452034993768959,0.0232497222709344,0.021758316488353982,0.03570497628846915,0.04113889013908579,0.01739501872008333,0.04892642341535526,0.01794899923245736,0.0663427395017288,0.021438045019696185,0.06432405078771271,0.02169342578803,0.024918705631299408,0.023311054287823634,0.05306528266750415,0.05483297373550693,0.0218945177804247,0.02790481694124097,0.03879563305373906,0.020028147039151,0.035295784742117045,0.02001495025866474,2.3788412598706657e-07
21,0.035393578637038736,0.013334629077036982,0.0526708150210171,0.05634138383314602,0.02816541687894216,0.03526711281396727,0.02297482966638807,0.021829603894121353,0.03496978746584862,0.023264142434101864,0.021704430332348385,0.03579024306010287,0.041507537960405655,0.017433146617094462,0.048983111427230164,0.01789758950008738,0.06674469662031055,0.021338165541144163,0.06298183657908853,0.022062164436379393,0.024189268028623024,0.023545101365276898,0.05317118688300985,0.05424769669181768,0.022680846003153877,0.026967513826930828,0.04016154064773899,0.019818036939412732,0.03514429670964524,0.01942029074405788,3.6453328638719836e-10
22,0.03468912001061246,0.01342052693371769,0.0517322438957574,0.05519647653895997,0.02856562926467131,0.03523901309309004,0.02282621257008836,0.022103162453646016,0.03475314724150689,0.023078506616560017,0.02158344726389499,0.036187370111120463,0.04137801136765164,0.017722418880219068,0.048152452765286104,0.01823363122030444,0.06697971266930253,0.02157863493851396,0.06432564644031215,0.022058220597428242,0.02453967939799506,0.024182319011921798,0.05272271259215361,0.05484559683297804,0.022165739524368594,0.027512987052405395,0.03883833453483004,0.019963430958542333,0.03556249339028004,0.019863121702775537,1.2910573926239705e-10
23,0.03461447845212928,0.013516297902605882,0.051432713084625076,0.056587776008482284,0.028820234082762058,0.0349090973832787,0.022667510656816364,0.022508301316352158,0.03613329212439061,0.02357044989432641,0.021639395606363607,0.03559877151755171,0.041308074689648894,0.01746684691336058,0.048617296976352635,0.01805172006752478,0.065616441231468,0.021469458297637585,0.06333914213391321,0.022030262073178854,0.024441210330716234,0.02306722871080287,0.05578234152630267,0.054001418768559906,0.022075989577661943,0.027761226809095183,0.03824779707639492,0.019748395442777723,0.035052113279145855,0.01992471793827106,1.2750307113396122e-10
24,0.034747857163744886,0.013595163164618937,0.05073282011012661,0.05696055455469622,0.02846075631904528,0.03499497535552469,0.022308482031367326,0.022140151512206347,0.034599135263015356,0.023416407473533813,0.021627934651525862,0.035435777652938184,0.04108944111171763,0.017819616005949678,0.048172329420474634,0.01813720065617345,0.06796261105673919,0.021568117646051023,0.06461911442216167,0.022057450645047137,0.024868529517849153,0.02338657260118057,0.052342998213615245,0.054504364014044356,0.022256655734182517,0.028581740445019443,0.03890572385689218,0.020114958984650263,0.035490395904597835,0.019102045209677072,1.193016333419932e-07
25,0.03474510350293798,0.013734235244661401,0.051757660962781,0.055161596917067894,0.02848592763550335,0.03525705053181147,0.021876250026716396,0.02261256486144591,0.03513528433714449,0.023657484056269936,0.0220074442142094,0.035688072408930724,0.0409815981559017,0.01770786537339439,0.04827833932453526,0.018155203181368415,0.06592632469593043,0.021526794303970778,0.06433057400848333,0.022051333932667564,0.0245965527828522,0.023725273498138966,0.05470232948025187,0.05439174002070389,0.02187762691207795,0.028390721643022233,0.03886294944097512,0.020089432431960305,0.03481098811926099,0.019475439909437432,2.3808558719484986e-07
26,0.03482844571766847,0.013523709959233203,0.05116304982945075,0.05565341174485793,0.028507914845803145,0.03591556233687325,0.022618364526191936,0.02209793350220619,0.035086804814040584,0.023192325089300164,0.021709566416530074,0.035671489738855644,0.040498075823170145,0.017558030251024707,0.048112871202258066,0.018435148840703644,0.06637281625596647,0.02121271773844676,0.0643302955487937,0.021827219699589038,0.024850233378356807,0.023780095351663273,0.054594465702566326,0.05462838696812119,0.022120491434649864,0.028030901886529985,0.03973502484295046,0.019958468360071036,0.03518575060342006,0.01880042722774753,3.629595883426501e-10
27,0.035008146725082616,0.013751415136091866,0.05175025434937957,0.05616341345374869,0.0284104107886958,0.03516185044900428,0.02235693061238333,0.022363956897349428,0.03428834819589692,0.02366374086662415,0.021880548634532846,0.03599038330596884,0.041000698507625666,0.01770227537531111,0.04902128594920415,0.01833025277626342,0.06642688364112852,0.02169999903285027,0.06480728272962732,0.02228503170403581,0.02475581443394064,0.02338956568596155,0.051961033762602776,0.05438126831639385,0.02203677685417936,0.027684851517162334,0.03882502914609984,0.019955444363976168,0.03537368181813038,0.01957342484627207,1.244765528353984e-10
28,0.03420847173987598,0.01331022758071704,0.05137750218503856,0.05742953877146205,0.028944207702335804,0.036311662449628114,0.022009289843355664,0.022580151329982926,0.034464823166293436,0.023669977011278803,0.02157443907872847,0.035533310525308434,0.040572916493736594,0.01740244564982267,0.04924120058339362,0.01795109833675374,0.06654418564426004,0.021164615777326375,0.06360358088007759,0.02233587783668541,0.024453299873145398,0.023438667260324487,0.05398642188210602,0.05452730254333789,0.022200658857804884,0.02764308621993678,0.03837080755205344,0.01998660146623274,0.03537326668021639,0.01979012802454628,2.3705423435768444e-07
29,0.03430879012166119,0.01378536957424624,0.050356481376599996,0.05561149756569766,0.02843212955727841,0.0351380275997097,0.022352805483029408,0.022894734693457954,0.0348857506679925,0.023408660968519134,0.022280990639558622,0.03544192746168141,0.04096382772858293,0.017706448286067232,0.04844806083594189,0.018134603118535507,0.06599903391825467,0.02151330752835046,0.06565187897852201,0.021841295962881094,0.024802896109045888,0.023994301342244857,0.05145402084557839,0.05487145938891142,0.022233568047885476,0.02827226941519463,0.03884956861800365,0.0211518600953131,0.035615058012530516,0.019599256699213648,1.1935951041394582e-07
30,0.03478701003148896,0.013510196045447606,0.05139827298612841,0.054464160970638456,0.028241157011124098,0.03534412162313176,0.022628018877309575,0.022121255405939632,0.03438962877794593,0.023250035961187715,0.022114739547843744,0.036166031167586044,0.04144850996900109,0.017737117548744238,0.048687908649302225,0.018506263373372068,0.06741775532136439,0.021946629305031606,0.06472067708956963,0.021939595773523803,0.024771549406716532,0.023908622267363434,0.05288963248656201,0.05535362556592118,0.022069690667324303,0.02834575800448411,0.03945095964757417,0.020191126037432446,0.03311404809047798,0.01908578258655436,1.1980390846765564e-07
31,0.03498825000195972,0.013579867015467333,0.0525031599248442,0.058491680073241736,0.02988247286550102,0.03522529680756265,0.022171704212450252,0.02242677750442404,0.035009579017166725,0.023791624058283757,0.021588179904976038,0.03574354475912968,0.0404354557909205,0.01735723798722473,0.04913464079090331,0.017956845454510106,0.06554559098630187,0.021182080911020112,0.06363048801742853,0.022368967295565555,0.024422042581010887,0.02312631900887834,0.053302616908600005,0.053658462808093194,0.021826274764002455,0.027765946623986473,0.038088387588795174,0.019919865202361636,0.035436833622350526,0.019439807268974405,2.440650488317746e-10
32,0.033853597359434225,0.013585626350807206,0.0528080139331188,0.054817079775447114,0.029524357870865284,0.03443198391660382,0.02233958152104274,0.022795531015666764,0.03635452330647484,0.02340104988723907,0.02150487971696007,0.035713678408592645,0.041637830441364806,0.01760168080103763,0.0487227486805062,0.018342462817409828,0.06640130824419337,0.021430023618131518,0.06503813487056748,0.022380706416095415,0.02400147478300567,0.022693401645301887,0.05088201499123726,0.054380848276656533,0.022359107869586815,0.02831076924320371,0.03958759234908111,0.02006426336634983,0.03504488586573527,0.019990842533481722,1.2480129674150651e-10
33,0.034888163204480474,0.0136834733439879,0.05156068813394453,0.05584199397298001,0.028721296888676556,0.034495097747284036,0.022518881436871266,0.02251144212828507,0.03584204143300681,0.023525971352150375,0.021163780926820565,0.035961180324277926,0.04094641891674466,0.01748995783581517,0.04868708801263747,0.01815528687055019,0.0662566076559672,0.021519180797792,0.06419603358241012,0.02204647319882462,0.024567010869244132,0.023523483647271283,0.05213040587860033,0.05504768602593638,0.022298247795470624,0.028240970299217065,0.039631228766337116,0.02030690497477482,0.03467617965145532,0.019566705198226578,1.1912995941240294e-07
34,0.03428294033791553,0.01330401398733678,0.05150423732824368,0.05970036869054862,0.02832054641908748,0.03548200503788466,0.02225998587859894,0.022739933722578907,0.03447257765806439,0.023871670912592714,0.020976674142020015,0.03618903626990891,0.041192329985814416,0.01764628473384966,0.04841571889475217,0.018007091994554934,0.06608758045417944,0.021393288380646303,0.06358424427575368,0.02239561125537069,0.024489748533477202,0.02321025824877295,0.05341814072705118,0.05387976235452003,0.0219936710270016,0.027911776011231754,0.03965707112664172,0.019864195735474488,0.03415604732807536,0.019593188306434497,2.416172228494968e-10
35,0.03442710699142032,0.013777892970512602,0.051202157106754416,0.05400388928026135,0.028959616032429424,0.03461827032912915,0.022840956959431617,0.022505850791129912,0.03445580391627571,0.02366257084247284,0.021927206703429927,0.035523672570045246,0.04158062398803219,0.01805471020032399,0.04863783402292194,0.018391021943610513,0.06712825076493212,0.022119980621629592,0.06591523651750811,0.022096764534424735,0.02463416735980647,0.024110022156823764,0.049565963346311075,0.055305951875251086,0.02210275858637156,0.028394949587880167,0.03870099648052246,0.020320075801061478,0.03565158600182804,0.01938386854648481,2.431709833873456e-07
36,0.03557220120041241,0.01371528709272282,0.05128176599352798,0.055760286633387175,0.02812457436413798,0.033591498893591136,0.022507621878817195,0.02210183099738467,0.03512283674642089,0.02317673296502803,0.022518848526692954,0.035807337078208094,0.040386537805866755,0.01749027755902091,0.04774657913552201,0.01807967492740914,0.06636545353483743,0.021431480731683245,0.06375992775516187,0.021971617361012816,0.02549272927681279,0.02393844239257639,0.05534153522918395,0.05414252637568109,0.02205147273817834,0.028841495408350355,0.039262223689880055,0.020025839854672843,0.03526491184795854,0.019126451633197934,3.7266221526223257e-10
37,0.036138428848548336,0.013512388963893868,0.05152410884586088,0.05822838187630857,0.02842698443735732,0.03480034958940571,0.022583770632223145,0.022284068437566446,0.035329146163501954,0.023785954776205136,0.021736689515406162,0.0357165868814554,0.040840845649903694,0.017429448933057583,0.04848262211552242,0.01819915987368212,0.06592614935151897,0.02129202380638178,0.06312941926133586,0.02227546156416097,0.024731678042930142,0.02368909203210759,0.052413463888204406,0.053962914712134644,0.02240478625914207,0.02777639843812587,0.03896517901309532,0.019767078765521084,0.0349897729084283,0.019657412617853278,2.3379916081426107e-07
38,0.03438395503763399,0.013612929055900218,0.05167633416349477,0.05603824674148748,0.028088623867255632,0.034799536115485856,0.022406972395416357,0.022432368952460546,0.0348675068295136,0.02354483941887706,0.02184381538523793,0.035979649665833925,0.04109483847381523,0.017702443919965054,0.04841111148889972,0.018353965520533456,0.06699910942363797,0.02171197156487752,0.06531728535335628,0.022585744364786386,0.02450630725313101,0.023632259027969966,0.05154716318239217,0.05477690920937317,0.022014764996927606,0.02823035506061492,0.03898783004719421,0.020064898508730285,0.03509678440939155,0.019291480198335365,3.6747081917653194e-10
39,0.034197422727624216,0.013555123979271722,0.052630782875108646,0.05762468212722752,0.02843202167617699,0.03415781976012521,0.022373036005535734,0.02254803939209349,0.0346745188622276,0.023662967899882748,0.02165413279070978,0.03594337216418441,0.041878533783935135,0.017382086918215578,0.04943037418858687,0.018193969495377053,0.06585359113033847,0.0216959711742155,0.065199114640901,0.022424182449670767,0.024107950835086177,0.023213343412471294,0.05076560194355219,0.054538158224171546,0.022401095466650898,0.028026881576624495,0.03891898259609055,0.020303328407047544,0.03468801594123934,0.019524897425990128,1.2966737546390405e-10
40,0.034777885992288926,0.013648557526041622,0.051839760103936525,0.05575322458302754,0.02849465257422181,0.035565883607956504,0.02245972248204935,0.022677172778342757,0.03448703079551173,0.023245562761271554,0.02152954347633103,0.035441684552636014,0.04074499602908627,0.01747927422128732,0.04812852121103444,0.01837253332554511,0.0669758269994255,0.021703272331473143,0.06430731418013408,0.022000835207354637,0.024886596844456033,0.02348841780088817,0.051752901031301465,0.054849117230136864,0.02209176168596408,0.028483966970370776,0.03878201480559007,0.02010896705620704,0.03564082849332469,0.020281932400474025,2.4094233087456207e-07
41,0.034723724128952645,0.0137491086920732,0.05199739852146823,0.05476179954940094,0.02895156061257742,0.03561043301354435,0.022951167305856807,0.022803913370768494,0.03465181522619107,0.02282987957147451,0.02170171306894849,0.035765280308230944,0.04125035313826546,0.017694983998983872,0.0476235015865983,0.018188943806451297,0.06621755914530228,0.021534652944706276,0.06432863342175199,0.02158655661664281,0.024811085305279094,0.023456328111103993,0.05244719946192687,0.05543952969720749,0.02220644077273574,0.028717834896740284,0.038999506080739016,0.020198584732794272,0.03509905533941838,0.019701340152585175,1.1742128028604774e-07
42,0.033316414854474764,0.013573367784861526,0.05195647828584286,0.0559795811219987,0.028493766948754027,0.03460472903319695,0.022982299116250444,0.022287588855970594,0.036900234063125814,0.023740351651682458,0.022228937847795994,0.035727133145149956,0.04144768526817974,0.017718160835361717,0.04870430447000043,0.018414167000545264,0.06671992588478501,0.021770500662441225,0.06513170883494789,0.02198835113187832,0.02414161372570085,0.023726639580207237,0.04898633939037358,0.05495156309430697,0.02246514094468684,0.028201278457406487,0.039607229393531125,0.02029763794353639,0.03474427692984774,0.019192356594483415,2.3714867574158533e-07
43,0.036242372873401506,0.013658472192851748,0.04928161379797297,0.057520619991618706,0.02775058436722245,0.03581686259613934,0.022593316625754537,0.022119091044114105,0.03350120316828023,0.023038689851685,0.02228517806460597,0.035590332292339925,0.040667911670094335,0.017630936780487955,0.04781770963335579,0.017863764223825327,0.06611516615161141,0.02115053481483567,0.06431595985270255,0.021890129693398815,0.025320315410502458,0.023793932344643356,0.056999111467652935,0.05399788101481403,0.021862750618085354,0.02814584300465927,0.03882428068937366,0.01983684411540706,0.03542067299861882,0.018947680956861758,2.3769308284457172e-07
44,0.034096420609828586,0.01346344630379279,0.05103567604005363,0.05875736506893578,0.02858062719538357,0.034816665168721284,0.022339004213553473,0.02225847842387096,0.03442680310897831,0.023774856766952335,0.021731166843843495,0.03611725169587948,0.041640520606463394,0.0175241893522197,0.04864325078266346,0.01810281363673204,0.06704671449801995,0.02157059690350709,0.06415118117833916,0.022266593178132513,0.02417736963999239,0.02353311913199666,0.05196968037748702,0.05436163007666879,0.021980147346992742,0.02747018591487911,0.038863860581598665,0.02009196640383095,0.035610677967334525,0.019597623363215053,1.1762013324941533e-07
45,0.03532711127544308,0.013598684808572764,0.05133072490052961,0.0573024001041539,0.028144956880121738,0.03574718441278231,0.02261468935573117,0.02205317647023541,0.034950680267019585,0.023193706332644604,0.021895910123385053,0.03552244012067359,0.04063954827080583,0.017521161525048356,0.04784535633270629,0.01786513234111791,0.06569123381769498,0.021388468719298847,0.06416667536857378,0.021904563687763303,0.025047630414782515,0.02408645405423116,0.05496055904212199,0.05423900997537904,0.021937956146669282,0.02820469001590487,0.039291185786219734,0.019414372376778694,0.03505575813179892,0.0190585786948194,2.469921463750943e-10
46,0.03439099995236641,0.013408388067318132,0.051166448152910916,0.0594535575947406,0.02942746211586691,0.03436969599360688,0.022336180776866957,0.022063541755342704,0.03456924682642564,0.02351998760651488,0.021902675737242056,0.035867770034692166,0.04099704944129967,0.01748280177719324,0.048571179622320576,0.017935318145196926,0.0663664395927565,0.02133368123065855,0.06470920255318378,0.02203360248168117,0.024310456638684346,0.023252853630855067,0.05212543164508988,0.05485354691792759,0.022234201782379257,0.028157785876538846,0.03840607387729842,0.019908333560762444,0.035495832981229936,0.01935025350462876,1.2642078355403036e-10
47,0.035551013970396804,0.013736868152308245,0.05053507845120514,0.05504563890430641,0.028510009629990233,0.035098052050119066,0.02265033616306218,0.021695170632498793,0.0343712009889385,0.022813687199487707,0.021906226986757732,0.03602360007645725,0.0413813470728287,0.017470196131362102,0.04790519598892055,0.018159420599400115,0.06890795362582647,0.021794892462427363,0.06580698019764543,0.02155817766383474,0.024336224918021385,0.024096496493201842,0.0543108705181711,0.05468958365693043,0.021983128342695394,0.02766452723897266,0.03866844354147218,0.01981803965021524,0.03483560855598426,0.018675793414014614,2.367225474693339e-07
48,0.03555269059680733,0.013806324038943251,0.05038140088643912,0.05422581090417693,0.02809538292006945,0.035682902473990676,0.022762760815696836,0.02167095530155743,0.03437747663107093,0.022953716738943718,0.02198450336465126,0.035421193891658945,0.041464635472889755,0.017674043329773733,0.04813484355835005,0.018183960623384666,0.06698406159601036,0.021210006555482098,0.06566751591021994,0.021571955066682576,0.0250137082245054,0.0235642107208469,0.05398133538716372,0.05532557554279024,0.022108581699351617,0.028206502179844776,0.03957593975662807,0.02003133642770611,0.03541158418668753,0.01897508483194609,3.657305176667635e-10
49,0.034505447583573726,0.013624194030448624,0.051629491090831946,0.057674722738036664,0.029218521247599504,0.03479990436515475,0.022290867133117464,0.022031025619540987,0.03461665873426291,0.023203034433022626,0.02130805093468221,0.03598739632501719,0.04140150019838364,0.017309041018459495,0.048701322415036795,0.017921423371779367,0.06774962476966206,0.021437706850769372,0.06490087651607541,0.022018379663798465,0.024369473732632964,0.02337993752194037,0.05322046669177556,0.05436400005875213,0.0221992922143682,0.02765417089471351,0.0386222097526114,0.01984761970728446,0.03475134750951097,0.019262174352697798,1.1852445931008144e-07
50,0.03404166048037947,0.0136010178496645,0.05114145348445762,0.05504300609407321,0.02837406113562894,0.03492388030407438,0.022447837810326512,0.021458716241591826,0.03440134333135523,0.023515632828196183,0.022008439412738785,0.036655681597153954,0.04210008431410959,0.01758626934971548,0.04972459501942114,0.01793041133866956,0.06708732646827585,0.021886957373715914,0.06542057306619463,0.021998604213473855,0.02412840088387709,0.02341736410078432,0.05131803701544591,0.05551343606989868,0.022164245398481167,0.029038533060650937,0.03907315188077941,0.0202908918655116,0.03509007060115204,0.018618076902653803,2.405075482357826e-07
51,0.03499976493434691,0.013594420569471405,0.051184517969413694,0.05652348241820854,0.028015871438641305,0.03589266888010446,0.02278442465560715,0.022001686329405072,0.03456144904328013,0.022919387622814476,0.02207734578171267,0.03597705720223176,0.041439308597839244,0.017470853732045814,0.048094303792931836,0.018151730786169232,0.06728887308692258,0.021228788679924906,0.06561942427011835,0.02158845128731901,0.02465098144422338,0.022651229656374217,0.05436100348024498,0.05506266692820106,0.02121294464386361,0.02843004196557237,0.03701693171580375,0.019955139618000897,0.035945769043176666,0.01929936017059156,1.2025543902182896e-07
52,0.035761622725990726,0.013499794894358532,0.051137440413845485,0.05501269921644581,0.02848508577246337,0.035514852369538684,0.02308455891885418,0.021669762137664406,0.03458918401604941,0.022488840263619334,0.02125800182440892,0.03593595557391436,0.04207215086078712,0.01729747143702034,0.0471254040005232,0.01785765293845856,0.06765395343227083,0.021283486765793856,0.06485930900927678,0.021244501731435925,0.024963780363994614,0.02340238609955683,0.05486279382521797,0.05580821108630636,0.021807419460687563,0.027911313551358553,0.03935828652537783,0.019803003003555943,0.035256058771656135,0.018995018763062668,2.4650574312654e-10
53,0.03497744938067467,0.013189844459054238,0.0506752754653561,0.05450010877021255,0.027773778720576767,0.03543416801749263,0.022644106443277346,0.021974664239427327,0.033931914511710154,0.0225453356318894,0.021571015887777545,0.03596946553149151,0.042114376254255716,0.01741980425534333,0.04858817120208423,0.018124240905101757,0.06757261734625361,0.02131754806902176,0.06469631728382697,0.02099931792606227,0.024821988030115597,0.023347200514834108,0.05372974652564467,0.056659983169453525,0.022259854390281535,0.028280352960968574,0.03971821877711331,0.020011254938774994,0.03595714024204168,0.01919474002181448,1.280677621007042e-10
54,0.034264093582320215,0.013355313868268805,0.05264343475949904,0.05587949776972405,0.028945315437278154,0.03430422812139814,0.022450120706201886,0.022512299403604406,0.03367371765289203,0.02265905271080779,0.021522408815471017,0.036964997799397076,0.04191513475793955,0.017465023715763108,0.04911203294745671,0.01788848659418148,0.06721828945516323,0.021548320413847556,0.06526600403039697,0.021625443245317646,0.0242490611387334,0.022687315310594144,0.052076368042208804,0.05522153974679569,0.022533192177013855,0.028102764897788877,0.03940006252940135,0.019775623103926727,0.03505758781787255,0.019683030764874637,2.386838609685447e-07
55,0.034829650041426845,0.013272450121095042,0.052765991342222325,0.05775485610893095,0.02871400024025132,0.03423998728612745,0.02282007168804016,0.021832791593543194,0.03454334294880255,0.022830914703908307,0.021477446081960203,0.03631716707779058,0.0422975117593136,0.017171066567037676,0.048960196320323994,0.01787867898435301,0.06681269895458422,0.021383050873274648,0.0646180542595785,0.021619618744392336,0.023954992801067252,0.022393512148587487,0.052942380657449675,0.05517135863164833,0.022527484500736376,0.027760468757886906,0.03907643553370666,0.019716788567867842,0.035232533099547186,0.01908449923963118,3.649141906108219e-10
56,0.03459628006396385,0.013484342097721256,0.05145506279999029,0.05494583159935999,0.028767338711357327,0.03527067999040418,0.023166340258336405,0.022087373307982296,0.03370212001011516,0.022315011985475027,0.02146870621167189,0.03653067181790756,0.042217088970505134,0.017347862158138036,0.04876507749337916,0.01791908227637355,0.06654728858817266,0.021149893918810794,0.06537435622280321,0.021204305943291087,0.02452235633873985,0.023783179043857124,0.054264545153015244,0.05516817670352282,0.021964703487299658,0.02791250124130943,0.03982813859968185,0.019714036558139136,0.03501784794533873,0.01950968295734412,1.1754599333645923e-07
57,0.03484518949348437,0.013411800112519285,0.05095798405599688,0.057340849072096835,0.028496898853205988,0.035322885744406826,0.02246941953460906,0.021741673358795514,0.03409655845324334,0.022703420069575875,0.021163507584063115,0.036148445171040176,0.041409097998613746,0.017369816274667264,0.0477012209200953,0.01806899741893972,0.06753817769662232,0.02130036549363462,0.06566009428825303,0.020951184601844395,0.024249503328489845,0.023367256417415973,0.0539334819761985,0.05576885011953106,0.022101850085660346,0.02801727793218323,0.039352918905230336,0.019907389506535447,0.03550568974798667,0.01909819554033704,2.4472405227209677e-10
58,0.03463734770633233,0.013137449656257884,0.05224902852695754,0.056820895734151,0.028985964034904107,0.03519030560059918,0.022342545596169574,0.021829527526321432,0.03470021558308282,0.02345127823662195,0.02163942475773469,0.03623350121021153,0.041529238269080115,0.017288096751949533,0.04940494117313924,0.017710540430258794,0.06671364854206589,0.021258103330287135,0.06427709684576077,0.022030911156608695,0.024219812656749037,0.023373138894311703,0.05356729526426558,0.05448005606601284,0.022270188103208105,0.027641759243277917,0.038993593462874156,0.0197682598536679,0.035141678957183654,0.01911379786097278,3.5896898216895703e-07
59,0.035602532910683056,0.013307295167967874,0.05109001642748949,0.056901810621789076,0.02838537965899792,0.03550809676857757,0.02256460572935871,0.02171309533628395,0.03425355787484165,0.0225699296120517,0.02139582976809353,0.03608448248686957,0.04130451627850164,0.017257483708582596,0.047961615651422755,0.017724741864400526,0.0669521206494834,0.021083680913486717,0.06529825291077034,0.02121653963119987,0.024896625249105644,0.02336957008584517,0.05571046247098135,0.05514729421084353,0.021647103430982098,0.027836288903984773,0.03931752147601093,0.01962279971761247,0.035283585127094896,0.018993164872322853,4.843642122683224e-10
60,0.03489292487757619,0.01324644375309161,0.05240333026401099,0.05544980297107319,0.02840357244243522,0.03601960840145648,0.022523481558761035,0.021944512885312916,0.03494449361262067,0.02273800038462366,0.021327411378533237,0.03593722551289171,0.041443124338786476,0.017000967650414655,0.04875149255971786,0.017634080850811577,0.06699796399534023,0.021106038535765776,0.06467814234062359,0.021552194890953093,0.024938501273740653,0.02310412773403578,0.055169927525966465,0.05425652751758389,0.022019654290604714,0.02733006314378764,0.039989208282080586,0.01963315765966621,0.03490834238991056,0.019655676852895872,1.2492739955717563e-10
61,0.0353505102652494,0.01334217116551893,0.051610387291712544,0.05705052888764583,0.028318341322129917,0.0350276348563842,0.022674815737221986,0.02142727445556573,0.03393662463432582,0.022348085330875712,0.021622562027776182,0.03625448256883955,0.04212868986420083,0.017175202710082216,0.048365600201498514,0.017752640278559908,0.06751061680242232,0.02128819104503172,0.06436835782033012,0.021279140486105626,0.024858036967286327,0.023548362622451188,0.05379311952976202,0.05540520944053887,0.02211695730534994,0.027848423952740668,0.039291816891654216,0.019718353783876,0.03582485358586525,0.01876277242668941,2.3574230899058097e-07
